# oST version 5.0 parameters


[image]

width
640

height
480

[narrow_stereo]

camera matrix
2152.445406 0.000000 268.010970
0.000000 2166.161453 302.594211
0.000000 0.000000 1.000000

distortion
-0.041740 -0.890952 0.014123 -0.007406 0.000000

rectification
1.000000 0.000000 0.000000
0.000000 1.000000 0.000000
0.000000 0.000000 1.000000

projection
2147.012207 0.000000 266.243042 0.000000
0.000000 2157.508545 303.462138 0.000000
0.000000 0.000000 1.000000 0.000000

